79454.64927365318
79162.72904663974
81368.95921538767
78932.96600893613
77621.148833788
80433.12934740336
77764.49520495567
79326.23956808902
80599.94430231038
76818.10165683173
71221.89929845798
73742.69595166676
78743.05980516423
77445.82274638681
80211.74686843292
84826.0067998489
75743.88817118884
71667.80104501851
76449.87663728108
77218.73996577856
70619.00840817776
74997.89520280898
80762.64364333454
70993.24916516832
80685.11141219661
83371.79871151215
71437.32820869477
74555.02702814163
78234.75900277247
79349.6036448548
79988.55232259142
75937.64788256443
76313.96077625667
78777.9170407121
74559.6830076839
77538.80566843589
72658.90483024283
72008.36442731335
80253.2300238292
76712.26490809576
83557.26474324573
78832.48531423252
77527.47075791893
83530.66111061064
77367.59468126301
76838.7339862753
82266.52102949731
74166.53335153413
75935.34511122678
76126.78520151805
